186

211111, Alexander, 26

21111111 king 11 Jerusalem, 2, 6 , John 111 11,
154 , abp. 11 cantol-bury, 4

21111, Peter, 107

2111111111, John 11,154

2111111111, 7

211113, 11111111111, 68

21111131, 1111111 11, 15, 95, 96, 155

21111111(2111111, 21111111), 9, 121160 , Gil-
1111111, 70, 77, 150 , Ρ111111,146 , 11111111
1111 11, 22

2111111111 (2111111111, 2111111111), 61, 122,146

21111, (11111111, 122

211111, 100, 114, juxt: 1111111111, 1111117

211111-211111, 115-117

21111, Stephon, 110

211111, 1111111, 40, 57 , 146, Simon, 57

2111131111, 1111111111] 11, 142, 071111 11, 66

2111111, Roget, 126 , 1113111111 111, ab.

2111, 21111111, 119, 121, 111111111, 110

21111,.711111111111111,) 11, 11

2111, 11111111 11, 66, 71

2111111111 [211111 111111 111311] 116-116

21111111, 1111111111, 112

2111111, 168, 11111111, 8

2111,’11111111,1111111,1 1121. 1111111, 40

2111111111111, Hem-5, 154

2111131111, 111111 11, 65, 69, 144, 145, 149,150

21111111, 1111111 11 2111111111311, 4, 5, 125,169,
11111111 1111111111, 9

2111111111 (211111111, 21111111, 2111111111), 67,
110, 121

Benygwrd, Roget 11, 154

noreham, 161

2111111111, 162

2111111, 1111111111, 62

2111111111, 1111111111, 55, 101

2111111, 11111111, 10

2111111, 171111111 11, 116

21111111, 1111111 11, 112

2111111111, 169

21111111, Hugh, 112

Bigod, Hugh 11, 126, 127, 1111 1111111111.

INDEX.

2111111,11111111, 8

2113111111, 11111111 11, 11111111 11 6111111111, 10

21111111, 179

211111111111, 57

2111111,.11111, 144, 147,149, 150

2111111111, 1111111111, 111

2111, 1111111111 11, 112

Bolax, 111111,154

2111, 160

21111111, John, 146

211111111111. 110111111111, 15, 16

211111, Peter 11, 146

211111111, william 11, 87

211111, 56, destruction 11111111, 61

21111, 111311, 144

21111111111, 162

2111, John 11, 144

211111, 111ςὶ1111 11, 126

2111111, (2111111, 2111111111), 50, 69

21111111111,110

2111111111,1ο111111 11, 56

21111, 162

2111111, Ηο1η11,66,171111“111 111 11 Hem-y
11, 16.

2111111111ρ,179

1111111111, 11111111 11, 26

2111111111 11, 107, 1111111111.

Bretagne, 11

2111111, 111111, 152

21111, 2111] 111 11, 154, 11111111 111 11, 11,
Walter 111 11, a.

2111111111, 66

2111311111, (1111111, 11, 172, william 11, 172

21113111, 151

2111111111, ’1111111111 11, 171

2111111111, 176

2111111111, 12311111 11, 162

21111, (1111111, 71, 72

2111111111, william de, 66-70

2111121111, 112

21111, 1111111, 120

21111113, Hugh, 168

21111111(2113111), 1111111111, 167, 169

 

