188

001061,124

(10111311111010 60, 166

0011111111, 0111 01, 68, 69, 611 11101116 0111 01, 16

00110101010,160

notingham, 124, 138, 169,166

(10000111 (3010111111 ’101118111116 11110111, 11
11110111171111011116, 20, 21, 68 1 (1110111-
0111),8,11,16,17,17

0011111001, 11111011 01, 168

00101111, 6111011 01, 10

Omne, 1111111, 14

0111101016,111,114,116,117,122

(1011101, 11100 6113110101 Simon, 1681 Maron,
1641811101 10, 162, 163

01111, william 10, 121

0101101,Η131 11 110, 112

(1101101111. 60, 160

0101111011), 31

(11011011, abbat 01, 110

(1011116, Henry 1660101, 6111101111, 16

(111106111116111 de, 129

0110060, 110 31011, 6113111111 110 1161300100, 6

1110110118, 16

11116011, Hugh, 111 1 1611110116. Βο111100 110
nidove, ib.

11111111 [60 Alta Rian, william, 148, 146

1111Ιί131011, John de, 21

111116, oon 01 1101011111, 111 6101101 01 1100011111,
261 6101101 01 10001111 1111100 01 wala, 661
11111100 01 1171101, 63, 64, 66

David's, 81,, Thomu Bek, 11111011 01, 40

De 11 16110, m 16110, 60 ln

1101101011113, 114, 116, 1171 1111111 60, 1181
(1116011 60,1’6.1 1106011 111 1011,1’6.1 11711101
60,1’6.

1)01111130,126, 1631801 11001111 611801 11011101
60, 123

110161, John 60, 128

11010111, william, 119

00001113, 11101116 60, 36

0011101001, John 10, 28

Deve, william, 108

INDEX·

11011111110111160, 28, 81, 86, 87, 89, 93
0101111011, 41

111110, nugor, 1111101011 son, 11.

01113010, muter, 119

Do, 1111111110, 112

11111101, 671 John 60, 36

1111131061οω1, (10011101, 161

Duce, Richnrd, 113

1100101, 11101116, 173

1111103100, 44, 45, 47

1111111100, 166

11111116, 182

1111111, 1110101111, 108

1111111111, 110301 61121 1 1111011 01, 961 61110111,
Hugh 60 91001, 61 11101116 Ponto, 10

Duville, 182

11111111101101,1,8, 4

1160106110, 48, 86, 88

116311, king, 0111110101, 126

11611116 01161136011611010111111111, 18,14

11611116 1. birth, 14; desento Simon 60110111-
1011 11 1110110111, 171 his 111101 dieo during
1111610100 in 110 Ηο11 10111201 1011111111
1116 1101011106,211 06111110 1 1111001111 110111
1111111ωο11, 231 monos 11 army 1311111 111101,
241 11111101 110100 with Lowollyn, 25; 3001 10
1000110110 0111601101 Ρο111101,111101 116
1111011 1011111110,801 01111111 011111106 money
116 1111101110 1011111 101111 01011030, 26, 29,
801 1111101111 oommiooionon 10 1111011 10001111
01 110 kingdom, 301 1111101010 11 01011130 101
new money 11 11010101 01 1011601, 311
1110111 1 6061 01 111 1111011 10 110 0101111 01
Ρο1011010131, 381 111011 their right 10111110
01 10111101, 391110101111 110 1111111601 01

St. 111311, 401 nuos 110 16101 01 Pom-bo·
10131 10 100010111011110101 8001010, 42, 48,
961 1116 111 qno warranto in reference 10 their
001111 ond privileges, 43-471 war 1311011 110
001111101101110000 1001100011011, 681 hin
10110111 1110101106 10 110111, 69116101111 1110
001100111011,601 1111111010 1 1111111110111, 161

 

