198

6116616, 1166611, 154

6161136, John, 123

6111611616 [suntote 61661611, 6166616166], 24,
44, 47, 54, 100, 129, 165, 167, 169 ; 16666
66, 1381 Alexander 616 666,16.; Lucae de, 1383
Tynewellejuxtn, 130

61666616, battle 61 166, 1

stangrund, 12, 26, 35, 37,38,140 3 6161166666
661666 61, 36, 361 Willinnr 16616161, 36, 36,
37, 38

61661161 [6166661336 6166661636] 138, 160,
168

Stephon, 166 Pepe'n 66661616, 10; lllng, 616
accession, 13 16 taken prisoner, 2 3 1161 with
Robert 6611 61 (1166666161, 16. ; 61611666, 661
66666 with Henry Fitzempreee, 16. 3 6166, ib.

stibington, 140

6111666, Thomna de, 123

stoke [Stolree], 21, 126, 145, 1753 John 66,120

6166,181

6661666166, 28

66616, 116611, 112

666616666, 180, 182

66616, 166, 168, 172

eurum, 65, 66

66166166, 47

661666161666, 124, 125

Suthington, 1666166 66, 40, 42

66116616, 143, 146-148, 161 3 611 (16611166 66,
23, 62, 73-76, 147; 1166616 616 wile, 2¹53
11166616 6166161661, 147

661166, 1466116111 66, 170 3 Gilbert de, 144, 161,
152 3 06161 66, 616666 61 Lineeln, 34, 37, 40,
47, 48, 66, 78, 79, 95, 96, 98, 99,1463 Ro-
6611 66, 66661 61 Peterberough, 17, 20, 23, 36

6666666666, Δ166, 107

Symon, Hugh, 666 61, 37

61666616, 11661] 16, 122

16111661, John, 155
161161, John 16, 66, 66
1661616, Roget, 112
Tnylenrayle, 11116661, 107

INDEX.

166161616, 6611161 66 (116616, 3

1616616666, Willinm, 109

16616661161666161,2

16666616 166. 61 (1661616616, 2, 3

161636666 [1168666166 111, 114, 115, 1223
(1111661111 Henry de, 119

1661666 166 16166161, 1213 John 616 666, 161
61, 666. 61 (1661616616, 3, 4, 8

166166,182

16616661161166666161, 163 Rnbert 66661 61,

10-13, 131, 140
16616666, 169 3 11166616 666 61 Hugh de, 108
1661666116, 61161 61, 153, 154
Therp Aehirch, 1493 little, 313Wnterweyle,

1493 william de‚144,1523 Rebert 616666,
152

1616661666 (1166611166, 1166661666), 112, 114,
116, 117, 120, 144 3 616166,16616161, 144

16611661, 161, 177

16616166, 6166616666 6111616, 1

1661161, 44, 47

1166661616, 121; 1116116611 66, 1133 11666166
66,120;116661·166,36

1166666111, 1166611 66, 37

Tinewell, 130, 145,158,166, 168

1163611619

166666, 6666 61, 165, 168

166611, 159

1611,160

16116616, John de, 113 3 6666116616.

16166166, 1111661166, 42, 119, 125, l4l

16166616661611, 163

1616616 (16616611) 11

16166666, 41

16161661, 177

161-6168165166, 168, 169, 174,182 3 Wil-
11661 66, 76, 77,144, 146

161661, 35 3 ltnger, 6616 1666661163 616 6666666-
6616,170

161, 14611616, 713 Geeffrey 66, 1723 Gerfrlcl
661,ι’6.;11’111161666,16.

16616,3 ’

1661616, Adam, 1553 Gilbert, 154 3 6161116, 155

 

