INDEX·

11310010 the king⁸s 6000060, 61, excuses Eur-emon, Hugh 60, 174
mede by the 0001οο01100, 62, 10011 31001 10 11101600,1000 60, 128
the king, 68, summense 0011000100 10 60101- Ereshnm, 001110 01, 17, 18
0100 1001010 01 David 01100001 11010010. , Eye, 151, 165, 167, 188, william de, 175
60010 01 010 son 011οο00, 98, inquires 10- 801000011080000 60,149
00001103 100 peyment 01 016 60010 60010 010
101001, 98, returns 10 1100600 10 great glory 11010100, 6
ester the conquest 01110100, 102, a 0000ςο 110100 (60 1110001018
3100106 him in ρο111000111,104,0016010001- 1101001, 1111100011, 171
0111000 10000011ος 010100 01 privileges, 98, 104, 1101000106, 140
105, 00010010 the n'ght 01 the 00001 10 have 0 10100, Lewelin, 58
prison within his 0000101101010010030, 124, 1006103001οο, 28
006100010110001110011010630 10 ,41001100 11001100, John, 120
0061101100186, 006 10 8100000188, sues Fenvel, Geeffrey, 107, 108, (1110011,172, 1101.
100 0000101 1001110, 10 0000000010 101100 0011,168, Hugh, 107, 108, 148, 172, 1000,
0006106 01 Νο100001010, 140 107,108, 146, 148, 1100011 son 01, 28, 1111-
0111001001 1 ’ nm, 110, 100, hemona, 110
11100001 01 11010000, queen 01 Henry 111. 14- 8000110, 148
16, 86, 87 Femur, Peter le, 154
11100001, queen 0111611016 1. 80, 85, 40 8011010, 11111100 0011 01, 7
111100 10000100001, 111 Ferur, Robert 10,121
Ery,1e,19,151; bishops 01, 17111100, 5, John, 1111100010, granted 10 11000111. 9
9, (1001110160 Berge, 9,10, Hugh, 10, 16, 1111103010, 28
william 01 111Ιο0001, 16, 11001000, 185 1110001, 11100016, 82, 11111100, 82
111000, queen, 188 1101101100, 41, 44, 45, 47, 145,164,182, 100-
11001030001016 01, 74 001160, 51
Engsnie, John, 28, 11100016, 189, 0010 respect- Plaudere, 0011 01, 8

1οε 010 descendants, 170, 1101,169,170 1110101113, Hugo le, 77, John 10, 188, 1100011,
0ος010,οο00000,100 10, nobes 10, 1010, 110100 enter 01110-
8081100000, 11100016 100, 142 0011, 7 8, (10061060 daughter 01 Albana, 78,
1110011,00001,161,168 1101101000 01 1100610078, 10000010, 112,

nasot, Derid le, 107, 110001110, 107 Walter, 112
1100100182, 166 1101010101, 148
11001001, 1101ρο 10, 122 1101100, 10, 188, 141, 165, 167, 188
10001, Henry de, 8 81006 10 11011006 (1110001000.) 4, 18
Fstbutterwike, 158 1100010110, 11100016 60, 27, 28
110101ος0, 011 Andreas de, 57 1000000110, 1000 60, 28, 88, Henry de, 146,
10100,55,101,159, 188, 168, 172 149, 1000 010 brother, 150
1101111030,100010,57,11080110,57,185,188 1101001001100011100158
101000110110160, 110, william de, 10. 101000, 11000160, 87
111100, 41, 169 , 11001110, 60, 78, 77, 1100011100 11001010, 010110 10, 121

01011101, 128 11000000, 11111100, 111
Eudo, 0000101 11010001, 5, 11001101, 168176 1106011011 1. emperor, 4, 5, 11. 00100101, 15

 

