INDEX.

1151515, Thomas, 113 ; william 515 555, ib.
Trayly, 11155511 15, 112ς william 15, 113,
150

, 15555115 trove, 121

’15555111551151155 15511535, 11

115511, 11155511, 22, 144

Tripoli, 5555151, 4

15115 wife, 173

15155544, 47, 139,140, 151, 160, 166
151511, 55551, 175

1515151151, 177

Twywille, 69

1555115115, 130

1155515515, 151

1111153155, 177, 173

1111, 162

1151515, 555 055115

11511155, 51511555, 113

11515515, william 555 51 Thomas 15, 119

115155, 122, 123,143 ς (15151515173 ; 1555
(15, 126

1551 [1515111555] 1555 15, 40, 42,102, 103,
118, 136

151, 1555 15, 36, 69-7l; 1155511 15, 142

Venno, 1111115155 15, 133-135

11551115, 111111551 15, 19

Virgilius, 551555 51 (155115, 10

1115115, 162

vivian, 168, 167, 175

1515551, 155511 51 151515515555, 181

115115115111115, 23,126, 127;811 Hugh, 1473
John, 147

1151511511, Ρ515151, 7

1151551 [11515551115151151] 44, 45, 47,146,

148, 150, 151,165,177,182 ; 51 1515511155·
ham, 176

115155, 1555 15, 37

115111581511, 1151151· 15, 5155155555 51 011511,

157
’1155555511 140

11515,155115,7

11511551, 1155511, 36 ; william, 113

Walter, 162 ; 555515111551555, 3 3 555 51 1415151,
173 3 555 5111151151, 174 ; 515555 51 05111515,
11 3 515555 51 1155555151, 2 ; (1551515555. 51
(1151515515, 1ος Francus, 162; 1151111-
1115515, 55551 51 Peterborough, 13, 15

115115111115, wido 15, 174

1151155, 72, 160,165,167,168,173; 1555 15,
23; 1555 555 51 ι1555 15, 71; sarah 515 wife,
71, 72; 11115515 15, 22172

1155551511, 41

1151551, 159

115115, 11ος 5511515515 daughter 51, 23

1151155555511, 18

1155515515140

1151511155, 167; 11555115 15,160; Guy de, 22ς
1155151111 15, 74, 142, 149, 1111111115 15, 55551
51 151515515555, 2 ; 1555551, 4

Wawyn, 11551] 15, 154

11515515, Thomas 15, 77, 79, 126

115151555, 1555 15, 77

115115, Hugh de, 515555 5111155515, 6, 13

1115555551, John 15, 72

Wermington [Werminton, WermigtonJ, 119,
121, 145, 148, 151, 152, 160, 166,168,175

1151555155147

1155151155151, 45, 46, 53, 54, 62, 71-73, 77,
79, 96, 108, 132, 139; 5555511 51, 15;111-
15111 1. 5155551 15515, 21 515551 51, 58, 59, 61;
555551 5181. 1151551155, 9

1155155, 1115555515, 72

11555555, 11551555 15, 37

1515555169

1551515115116

1111115155,168

wight, 1515 51, 20

1111155515, 111111551, 5155515555 5115111, 29

11515355, Roget, 110

william 1., 43, 113, 140, 142,168; 11, 43, 51;
5185511551,3;51551115555 51 0551515515, 13
515555 511115, 5; brother 51115515 11. 1155, 31
5151551, 5551151 51151515515555, 10511555

 

