INDEX.

801100, 110, 122

Bury 81 80010000, 4, 10
8011110010, 158,154
8011001000, Hugh, 111

01000

011001, 1101011, 122; 11100010 her 000171.

01010101, 0001100 00, 181 3 John de, 148

Cambridge, 142

0110010011, John de, 48, 88, 85

0101000, 1100011, 12

0110011, 57

010100010οη 00, 28, 85; 111100 00, 22

01010100, 1100011, 1091 1100011 010 000, 10.; Wil-
111110, 47-51, 79-95

0101010010, 0000000111οο 01 christe 01100011,1;
1000110 expelled, 83 0110010 between 0100111 01
0101010010 100 1100001101, 83 0 money 01(-
0111000 established 11, 80; 1000101 St Angue
tine’e 01 e chapter 01 10100000, 81

·—-·—- 0000000101( 01 1100οἰ011000, 110100, 13
Wllllam, 10.; Τ11οο11110, 2, 83 11100110, 33
1110111110 00010100101, 4 3 8110010, 43 Regi·
0110 010000 01 Bel-h, 5 3 Hubert, 5 3 81001100
lengum, 0, 8, 0, 103 1011101 (01001),10;
11100110 0010001101· 01 11100010, 103 11010000
01 00100000, 18, 143 80011100, 15; 1100011
00 1101110100, 29 110110 de Ρο01111001, 28

ceuling, 11011011, 41

0110101,11001010,107

01110100, (10011100 00, 140, 150, 152

01111010, walter, 010000 01, 11

omer, 97111110,110

01100, 1101011, 145, 152

000101 (010111, 010110), 41, 124, 127, 144, 145,
140, 152, 108, 1683 110010001401 11001110
00, 1783 ’101010 00, 172,178; Virgilius 011000
01, 1010101110 de, 09, 70, 178

01111001, 150

(lemnam, John, 188

0101 [de Κ11010],.1000 de, 00001 01 Peter·
borough, 15, 10, 28, 88, 80, 72, 180

000110100,140

187

00101000,.10110,87

0010000010, william 011000 01 1³:13, 53 Relph de
Nevffle, 0111100 01 0010000101, 103 William 01
1111110000, 0111100 01 E1y‚1e, 1251 walterdo
1001100, 20; 11011100 010000 01 Illy, 1863
1000101, 141

00101110, 1110110100 100, 1451 1100011 1001281
Willlun the, 118

0011100101, Hugh de, 77, 78, 791 11101111οἱ0
wile, il.

000001000000,10110, 140

0110001, 1101101100, 0101100 01 11100010, 2 ,

01100101, 883 11100100 0011 01, 7,18; John eon·
0101110 01,7

0000101100,178

chichester, 110101( 00 N eville, 011000 01, 10

0000001000, 145

0110111010, 175

01010, 111οο011010, 107

010111, John 000 01 Willlem 100, 154

01010101,182

cleve, 87

01001111, 08

01100100, Adam de, 148, 150, 151, 152

0100100, 48-51, 79-05, 119,118; Adam de,
1493 Hem-3 100101 01, 149-1513 Roget de,
152

01000, 30

0001, 0111110,οῚ

0001, king, 188

00000, 1111010110

0000100109

00101000, Adam, 112

00101010, eit william de, 140

(lulinghem, 41, 151, 159, 100

00110110, 111001000 01, 17 5

0011110, eir 0710100100, 70, 77

00000010001000 00, John 000 01, 87

0001000 lll. emperor, 2

0000111000, Walter de, 0111100 01 11100010, 4

000001101, 1100011110, 151

001000110101, 57

· (101001110000140

 

