INDEX.

N ew 1010010, 138, 01011010 00, 011101 01 10101-
borough, 20 10 1110 000, 0111110111 00, 11

Lollium, 1101011, 120

1101100100, 152

Isou, Hugh 10, 87 3 John 1010.

11001011. 0111100001 , 111.011’10000,1,2, 1 ,
111. 01 11101100, goes 00 0101000, 15 , 000 01
Philip, 0111111000, 7

10000100, 0010 01, l

1100010, Ηο010 00 000110,10,116

11010000, 110001, 37, 102, 108, 108,1111111001,
144

1111000, william, 118

1111000, 1101100110 00, 101, 0101010010 01, 56,
57, 101

11000, (10011100 00, 22

laudabam, 1101101100, 87

1100100100, 28, 21, 110

11010110, 112,111, 115, 117

hallington, Sir Gregory 00, 117

11010000, 110001, 12, 136

11000101,10110 00, 85, 87, 38, 30, 68, 60, 70,
11000100, 173, 171

11010101,111111001,110

’ 11011110, Ηο011001101, 112

110101000, 11000100, 111

11010110, 162 , 11001000, 127, 128, 100

110110, nugor, 172, 178

110110, John, 101

1101010100,182

1100001110110, 166

1100101, 001011, 37 , 11010137

11010, (10 10, Β1100,0, 182, (10011100, 72-76,
180-182, 115, 116, 118, 1110110100, 71,
Ρο101,61,72-75,01111011000 10110 01 Peter,
78, Peter 000 01 1010076, 1101011, 130, 160

11011010, 103,112,110 , 1110 1000 01, 110 , John
0010011 01,116, 11001110 de, 102

1101111100, John, 158, Philip, 28, 20, 1100011,
171,80301,171 , 1111101021

11010101,1101011,173,1101011,151,111111001,158

110110,01111οι,1101010111000,3
00110000.

193

1101110, 162 , 0111101 01 1010111010ος11, 1, 2 ; 00
11010000, abbat 01 Ρο10100100011,0-18, 169,
IV. 0000, 70, 81, 83, 85

11011100, queen 0181001100, 0100, 2

11000, 00101000,101101110000 01 11001000 000100
101101, l , 000100 10 11001000, 2 , dies, 8

110000, [1101110000] 73,182

1100010, 81, 10101111 01 1101101111, 168, his de·
1000110010, 1., (10011100 00, 11, 12, 110, 160,
(10011100 1110000011, Ν10110100, 11, 11110,
150 , 1110110111 00,160

1100011010, 55, 101

1101100, 117 , ’101010 00, 171

1101011001, 1100000011110, 121

1101010010, Walter 00, 114

110110, Roget 00, 180

. 1101010110 00, 37

1101100, 070110100, 20

1100001, Ηο010 10, 67, 68 , 1101011 10, 37

1100100100, 66, 152-151, 182 , John 00, 10,
102, 108,118, 120,186

midelton, 28

111100, 11011011, 22

11111010,101111 00, 67, 68

Miller, 1100010 1110, 121

1111100, 00011100 00, 13, 172 , 11101010 00, 17 2

1111001100,’11101000,37

11101000 000 110000, 0011000 01 0110110 10101100
10,8, 1, 2100, 80

11110001,5

110011011,8101011 10, m 1101000101, 110010 00,
17

1101101110,110

1101111001, John, 154 , 8000100, 57

1100110, 80110001 10, 82, 88

1100000010, 57

1111000101, 110010, 110 , 810100, 110

1101001,111111001,121

1100001010, Hugh 00, 77, 78, 70,110111001110
wile, 11.

11011000, Roget 00, 151

Nam 01 nurg, 0, 1011101100, 110
2 0

 

