190

1111110018. 11 1521 1501011 10, 151

11101010, John, 1131 John 511 100, 1511511111
10, 1451 1105011 511 100, 1111 1105011, 1131
11105111 511 100, 15.

110011, Thomas 11, 79

1111011111, Vivim, 1111 william, 15.

1110110351οι, 182 ’

1110111110, 110011 11, 1291 110511105111111011,10.

1101110, king 01 Jerusalem, 2

1111111, william, 151

(1111501010, 111 11101001, 149

(110111101,167

(11001, 140

(1001101111111111111015010, 31 1111, 41 510-
151101110101 11., 1111, 31 John 100 01, 149,
1541 01001101Ρο1015010015, 131

(1101111110 Βο110,5115011 0111119

(11111111. 1501 11110111. 01 1011029

(11111111, John, 57

(1115011, St. 1110111101, 5

(11101010, 1110, 1101 John, 1101 william, 110

(11101, John, 110, 111

(111105011, 167

(1110113

(11111005011, 1550101, 31

(1110100, 88, 162, 166, 168

(1100011101, 1021 101101, 1091 1105011 0111 01, 21
(1111111110 01110, 0111 01, 17, 181 11105111 1111
01, 1131 50101001101 15010, 31 Η1011 111.
erowned 15110, 71 0 111100 101 0105101101
010001, 30

(1100001101 101 110101011, (1115011 1001010 1111
01,]15,116, 120

· ’ · (1011111101,159

(101110, 150, 161

(101110, 151 1001 01, 184, 166
(1011101510111111110 11, 23, 148

(10110010, Ι1501011, 1101 william 511100, ih. .
(10101011), 182

(1000150111, 25

(1015001, Hugh 10, 144

INDEX.

(101511051110, 44, 45, 47, 165, 166
(10100110, 62

(1111111101, 011011551111, 160, 170
(1105101, 44, 47, 140

(11101, Thomu 10, 107

(1111, 1110501111 10, 102, 103, 118
(1111111, John 10, 12, 18
(11111111, 810100 10, 86
(11015101,1050 10, 56
(111111010115011, 110

(11011101, ’1500111 10, 81

(111110, 100 01 50011110, 14
(11051, 11105011 11, 120
(1101101011, 1105011, 5115011 01 1100010, 13, 14
(1111051011111101, 148

(1000301, 175

(11111111, 1100110001, 56, 57, 101

1101100, 140, 149

1111100118]

11110, Rogas 10, 118

1110101100, 810100 10, 36

Η10101, 11105111 10, 109

1111111011, 189

1101011015100010, 165, 168

Η101000,811000 11, prior 01 Spalding, 16

11005110,11010110,152

Ηο11051, 182

Ηο11111000, 123, 1521 John 10, 2214111721
Ρ1101 10, 1711 william 10, 124

11111, John 10, 12

Homington, 81, 1471 John de, 147

1100100, Thomu 11, 151, 152

Ηο0111.,43, 1401 511 marriage with 51011 01
50010100,11111000111 511 1111001 1011011 10
1501000011100 01 11001, 1111 1111101011 110011
155010150100 10 Ρο1115010015,1’0.1 1101, 15.

Hom-5 11. 110100 with Stephon, 21 10011100, 151
0010011100 10 1100100151 1010101 111111, 31
0010011100 11 1100010, 1711 expedition 10 ’.100-
10010, 1511010011 (111011, 151 010111 1111000
110011 10 50 01000011511111000 1100111101,
41 15111101 11100101 151 01011, 151 1101, 5.

 

