INDEX.

61 returns 11001 0011111111,10.1 6100, 101 Ex-
ehequer roll 01 816 1010100101311, 11

111601, Η11311, 21, 22, 1691 160011, 1691 1110111116,
107

1116010, 1101101110, 120

8111103100,126

1110001, 182

111000, 176

1100011, John eon 01, 1641 001101 1110111116,1601
0000101 11001001, 61 N 1301, 0101101) 01 10116011,
10

11001100, Peter de, 01011011 01 winchester, 6

Ι1001100101,01011010,Αο00110,2; Walter, 11. 1110110-
6101, 91 1101111, 101 Walter, 108Ι

8001103000, 86, 87, 41, 42, 114, 181, 188, 168

1106001100, mileu, 165, 108

1106011011, 01011101 01 1101101110, 20

110301, en 101001, 169, 170; 1701101 000 01, 110

1100031100, 68

110111οΙ00, 26, 67, 68, 69, 64, 72, 96

1101011011, 1141 110301 60, 98-100

110000,126

11010110,114

110001,110301, 118

1100001, 14061011, 1471 John 1110000101 eir Au·
drew, 1483 011· (10011101, 22, 148,149,1681
1001000168

1110000110, John de, 180

11101000,148

1111010, 1101ρο6010, 84

80110111, william de, 40, 42,102,108, 118, 186
8011001111, 1100101160 8111311010, 01011011 01, 10
80110110 [10 0011010011 John 111
80011000,Ηο1111, 21, 22

80111016, 110011 60, 0101101) 011100001101, 9
80100010, 67

saum, 8111011001 60, 98, 99

80011010 0101110, 140

8010101, John, 1091 John 1110 eon, 071.

801, 11100016 10, 121

8001601011,182 “

8001010111, 164, 168

80011001, 182

8001111011), Adam de, 168

8006010110182

8001, 11101000, 122

8001010, 28, 42-47‚ 65, 96, 146, 164, 166,
168,179,182

Seuthem, 47

8001100, 47, 66, 179, 182

8001030 01 Ρο1100, 101 01 11011, 10101810103110,
11101 Welee, 2913100106 01 Ρο11101110111, 104

See, 101006 01,2

80116010, Alexander le, 122

Seez, John de, 0000101Ρο10100100311, 167

8031010, 81000100 60, 109

8010010111, 1110110100 60, 144

801100, 11030160, 22

8011016, 1100111010160, 160

8001011, 162

8011011011, 110301 60, 127

80110001, Alen, 154

80110, 000 0180110, 122

8011016, John de, 151, 152

8011101, 11100016, 108

801100, 11030160, 88, 89

8110010010οο, 28

80010016 [8001016, 80011016, 8001006, 80011106,
8011011016, 8011010116], 1100011 60, 22, 148-
147,149-162

8010100011, 64, 69, 70, 72

81001100, 41, 140, 189

81000100, 1110111116 60, 72

8110600010, 188

81010, John, 128

80100110, Hugh, 108 ·

80011600, 01

80110101, 28

801001, 00001 01, 110, 111

80101, 11011111, 1611 Thomu hie 000, ih.

Seuthempton, 109

8001010111, 81. 11101111, 6

81016103, 8101011 60 11001000, prior 01, 16

8110301001, Ηο011, 144, 1491 John, 151

8111031001110, 1110110100 60, 164

 

