INDEX.

110010000011100101110102, 0100000 11003,
0100,4

Houry 111. 42, 43, 45, 46, 47, 54, 77, 96, 125,
126,128,136, 137, 140143, 11111, 6, 0010·
001100, 7, 10100 110 01000, 01,, 000000 eorona-
1100,8, 0111100011 ςηο100101110,0“1., 00001010
110 01011010 01 101011010οΒ1, 9, 010010 0
0001030, 10, 00110110 00 uid, 11, 000010 0001101
0001030, 0., expedition 10 11010000, 11,, hit
01001030,14, 110 000 1100010 101011, 0001-
10110 17010010 110110 000 01 1001101100, 14, 00-
pedition 10101100, 11,, birth 01 110 daughter
110011100, 14, 1010100001016000000, 15, 0001-
mom 0 0001001001 00 0000001 01 110 marriage
01110 daughter, 16. , 000000 1010 (10000ογ, 01,,
birth 01 0 daughter 1101101100, 16, 1010100
hum 1100000011, 00011010 with 110 101000,
17, 10 00100100 01 lawa, 11,, 10100 01 110011-
0010100,00.,10100000 01101 111001001131101,
110 0010000001 01000001000 011001 110101010,
17-19, 0100, 20

Hem-y, 01101 01 101011010031, 1, 110100 01 110-
0100101,10

11010010, 126

Ηο100110, 1101011 00, 110

Ηο101010, 112

11010100, Camerarius, 172, 11101010 110 000, 01.

110111010, 141

111101οω100, 162

11111001, 83

11101010, 110οη 00, 110

1101101001 0010,111, 11000100 10,0’5.

1100011, william 00, 0110101 11010000, 16

1101031000, 111, 17101010 110 wife, 11.

110Ιο1100, 11101010 00, 34, 36, 30

11011000 (1010001001), 4, 8, 16

110110, 69, 70, 182

Ηο11,66, william 00, 101

110000, 1101011, 122

110101010, 7701100106

Humum, (1111011οο, 120

Horuingwold, 15, 101

110101, 1101011 00, 06, 11101010 00, 143, william
000110101101011010031, 15, 36, 143

191

Houkeulawu, 60, 70, 122, 124, 125

11001000, (1111011 00, 112, 122, Roget 110 000, ih.

Hubert, 0101110100 01 0001011011, 5

Hugh, 118, 168, 173, 1101011 110 000, 173,
11101010 000 01, 175, 0011, 182, 110100 01
Ely, 10, 16

Hugh, St. 110 110100, translation 01, 40

Ηο10010, fleury 00, 07

11000001011,38

11001103000,11,37, 105, 136, 140, 142, 144,
000000 01, 85, David 001101, 8

Ηυιτς, 1101011, 154

110101οω1000, 22, 143,146, Ν1010100 00, 145

lugu, william, 120
10300, william, 150

lugi-it, 1101000, 110

10101οἰ01, 10010. J 010, 6, 7

1101081013 [1111Ιί031013, 111111103010101, 111-
lingbui-y, Yrtiiug BurohJ, 47, 60, 79, 01, 62,

83, 81, 122, 144, 148, 166,168,173, 11101010
000 01 stophen 00, 82, william 000 01 Roget
00, 82

10001010, 172

101010, John 00, 110

10100, 120

10011010, 11, 140 ,

101000100010100 bytho 60100000, 4, 310010100000
101 110 10001010, 6, patriarch 01, 4

Jews, 110, 010011] 61. 1711110οι 01 11010101, 2, 0
boy 01 (1100000101, 3, 011 001000 hy 0100101
1100010 1., 26, 11000 0001101οο 01 dipping
hunged, 20

1000,11101010,112

10301, 110101, 114

1010,0110101Ρο10110100311,1,166, 174, Adam
000 01, 149, 110100 01 1115, 0

-1113, 42, 4014, 110010πο0005, quur·
1010 with Philip 01 1110000, 11, 10000 110 000-
tinente] 0000101000, 5, his 000 fleury bum, 6,
10101 00011 10101010, 7, 0100, 01.

Jordan, John, 01 umanum

10000110, 110100 01 Bau, 11

 

