.-——-—

66113661, 61

66666161, Andron, 110

66166,161, 168

66611116, 16661611616166161136, 6, 6

6616, Hugh de, 111, 116

6661113161 (616113161), 111, 111; juxte 111.
111361113116, 117; 6116661111 66, 118

Ε6311,11113,182

1113611616, 1166616661 61 0111616111, 188

61361116, 157

AElfsy, 16661 61 Ρ61611161611311, 182

6116616616, 182

1111116116, 616661 611116611, 186

66616661, John 66, 79, 101, 119-116

6366, John, 61161 61, 79

63611116, 161

616, 16 116111111, 61661611361116 61611316,
11

6111, Hugh 661 61, 112

61666111, 11166116 66, 120

61661, (1666161 66, 161

616111, 11166616 66 121

6166661116,182

6166111161, Thomu, 118

Aldwinkle, (6166111616616611111161, 6161111616,
6666111611) 116-116,117,119, 122, 166

Alexander 111. (pope) 1666161166 16 166 emperor
Frodefiek,4

Alexander, biehop 61 1116611, 21 6166611 61 06-
161111,10; 1116116661 61, 1121 1166611 661
61, 1611 61166 616 brother, 156

6116116, 661 6111611616 1. 96

cnm. SOC-

611116, 166

611113161 (61161161, 61113161, 61613161), 62,
117, 152, 1711

61111111, 58

6111116, 161

6116111161,Ι 16, 11, 1116, 167, 111, 160, 166, 1681
16111,16666616616 61, 11, 12

6111111611 11113 61 161-1161611, 3

61161611, 721 william 611601 Η61116116611,16.

611116171111111 de, 116

6161611, 1666161 Ρ61616616136, 5

61316661, 25

611666111, 169

6166166, william 161 61, 159

6111616, 176

6163616161, 180

616161, 182

616611, 11166616 66, 66 ; ’1661166 66, 27, 28

6111661616, 23

611611, 111166, 1, 6

6666111, 160, 167; 6116611 611166666161, 2

61661, 182

6116116661, John de, 162

6111111, 11161116611111, 166, 168

6616166161, 11611116, 28

61161, 611 John de, 117

6116611,116361·, 107 3 william de, 171

61116611, 11136 66, 86

616161, 1181 william, 176, 171

611116, 1111111111, 67

6161616, 120, 121

616, 162

 

